5
3
27,25,3,
13,23,16,
9,15,21,
5
31,14,19,3,11,
15,31,13,2,26,
31,9,13,10,6,
28,2,10,32,5,
25,20,27,13,29,
7
28,6,15,26,23,29,31,
4,17,22,7,11,4,18,
2,16,1,20,23,23,6,
28,7,7,5,14,25,10,
20,20,27,29,30,16,30,
17,14,9,30,29,14,2,
17,5,21,15,4,8,5,
9
22,29,10,31,31,12,17,30,2,
28,16,30,10,8,18,17,6,19,
4,15,3,16,5,11,22,15,3,
21,16,31,6,30,8,26,11,19,
4,11,5,25,2,6,20,10,6,
10,23,9,22,13,19,20,9,13,
30,6,16,19,14,22,32,26,31,
16,11,26,30,4,25,19,17,24,
3,5,12,30,10,26,2,16,10,
11
32,8,21,26,26,27,30,1,24,9,26,
25,24,19,15,17,9,1,10,8,20,13,
28,18,13,1,3,28,4,27,6,25,32,
21,12,27,22,21,18,25,10,2,13,18,
32,23,23,2,4,4,27,16,29,15,28,
17,23,9,5,26,23,20,15,31,12,22,
6,24,12,27,27,2,3,27,21,10,19,
13,5,28,25,15,18,22,21,19,21,13,
5,2,4,3,9,3,18,8,19,25,20,
16,20,27,23,22,27,10,23,22,23,21,
26,8,10,15,1,29,17,30,31,5,30,
